003:008:001:DESCRIPTOR         1784497420.998352
 06 01 00 09 80 A1 01 85 01 19 81 29 83 15 00 25
 01 95 03 75 01 81 02 95 01 75 05 81 01 C0 05 0C
 09 01 A1 01 85 02 19 00 2A FF 1F 15 00 26 FF 1F
 95 01 75 10 81 00 C0 06 00 FF 09 01 A1 01 85 03
 15 00 26 FF 00 09 2F 75 08 95 03 81 02 C0 05 01
 09 06 A1 01 85 04 05 07 19 04 29 70 15 00 25 01
 75 01 95 78 81 02 C0 06 00 FF 09 01 A1 01 85 05
 15 00 26 FF 00 19 01 29 02 75 08 95 05 B1 02 C0
 06 00 FF 09 01 A1 01 85 06 15 00 26 FF 00 75 08
 95 07 09 02 81 00 15 00 26 FF 00 19 01 29 02 75
 08 96 07 02 B1 02 C0 05 01 09 02 A1 01 85 07 09
 01 A1 00 05 09 15 00 25 01 19 01 29 05 75 01 95
 05 81 02 95 03 81 01 05 01 16 00 80 26 FF 7F 09
 30 09 31 75 10 95 02 81 06 15 81 25 7F 09 38 75
 08 95 01 81 06 05 0C 0A 38 02 95 01 81 06 C0 C0

003:008:000:DESCRIPTOR         1784497421.000762
 05 01 09 06 A1 01 05 07 19 E0 29 E7 15 00 25 01
 95 08 75 01 81 02 95 01 75 08 81 03 95 06 75 08
 15 00 26 FF 00 05 07 19 00 2A FF 00 81 00 25 01
 95 05 75 01 05 08 19 01 29 05 91 02 95 01 75 03
 91 03 C0

